35 3729 6035 3581 9393 3103 8671 7583 7782 7011 7894 4804 6428 906 5669 7321 6358 2234 1130 4623 7007 3253 4289 3734 9490 3726 246 4747 7197 6571 5449 2161 2272 9932 9373 6870
35 5071 9435 4799 2709 3855 5970 6296 8255 300 3019 4533 2919 269 1692 1873 4502 4464 9865 4105 117 2213 5784 2621 9230 4286 9106 1722 5603 1132 4967 7076 4911 2565 2791 5653
35 9128 9365 4679 421 1021 3710 4154 9391 8787 6530 6559 9628 5933 5356 8524 2591 6620 1527 4617 6353 6573 6028 9507 9611 6914 9171 3322 7913 8079 3880 3755 1712 2147 7256 9179
35 6492 8874 696 5370 261 363 1477 2241 9135 1479 5601 6837 3260 8358 6260 4516 668 8426 9036 4855 6031 1590 718 4101 6066 2364 353 7657 8398 6877 1168 5688 3922 5474 652
35 5961 5850 5814 9502 6081 7185 4402 7687 3817 4307 8742 7102 7963 852 3764 924 1653 1306 5300 3406 1965 9744 1435 7191 6836 7018 3556 6142 2760 5423 4025 1469 9573 7364 5490
35 4495 1211 821 5534 6138 8979 3632 449 9407 663 8726 7632 7776 7297 6556 9356 1050 3898 6432 6731 7180 7914 1531 7936 6334 3378 7269 6221 4781 5968 4498 3718 5749 8080 5882
35 3050 6186 8569 6293 5079 2206 2529 4271 6311 4521 5363 6278 720 5672 4773 4784 5589 7741 5499 3681 5738 5124 4953 8326 9192 1553 6416 3773 3962 9031 8361 6589 6277 4728 9234
35 1248 6264 1396 8564 2625 1770 9099 523 2741 2779 8132 9659 9942 253 7452 1948 4092 5444 2403 2762 6493 6235 5409 5881 8060 8642 5238 4304 4251 5096 114 2370 9291 5004 1376
35 6074 7771 6064 9957 7716 5443 6025 5321 7617 5920 3453 7933 7208 9618 5048 4172 8620 5894 8863 4178 6517 3661 1643 6734 8730 8513 2058 8454 5335 2746 7730 5396 6611 888 4284
35 2499 933 9542 6622 1478 7154 6716 3332 5523 5414 1316 8646 7308 4351 233 7724 2752 7515 7923 4083 2606 8697 2130 3408 5990 102 6372 6345 7589 6726 3204 9358 8538 8605 1350
35 8552 9322 6982 4075 3296 8774 8294 9829 2886 8261 9674 1816 6162 4986 9476 9828 8003 8878 2122 3023 4972 2725 4677 9117 1152 5522 2204 2835 5470 5536 691 3176 4973 6234 2321
35 9855 5670 2006 2822 1399 504 3334 6092 1987 2199 9847 4937 7739 8435 3407 4775 5599 3657 9519 4989 1430 7350 7235 9641 9706 1315 2700 4191 6489 1023 3684 2008 3416 7415 2375
35 2650 422 6519 5298 4931 6199 5912 9165 5986 1667 5913 9 2441 8897 1538 7356 2392 6911 6156 6438 2998 5753 6011 3514 2497 2223 7427 6496 8495 6844 8464 6947 4530 9812 9028
35 534 5440 8201 7244 9788 6297 4858 9494 686 2771 542 4186 5032 505 7600 4641 6070 2031 5932 9069 740 8328 6701 5519 2274 4395 4854 96 7103 5682 8980 3505 1844 7803 5926
35 6719 2307 3722 8803 5265 4328 2127 636 9594 9102 4996 2028 8702 1639 4235 1375 3242 8525 817 6469 6258 8929 3551 9101 1073 7792 4090 4539 1703 1724 9109 9487 7258 8933 5935
35 9132 248 6010 2314 2133 2096 3807 6263 6583 635 9557 6525 9043 3895 3858 5359 4637 3565 7742 5433 5493 8868 4694 8960 243 4794 111 2603 6505 7514 1300 7883 5726 6656 4665
35 2980 1379 4883 1784 4196 926 7158 3060 6021 9624 4118 7401 2225 1920 8423 7454 7797 5480 3994 5558 3093 9669 7 6980 6698 3422 2297 2940 898 3169 4119 3936 5241 8823 6239
35 6985 6123 2947 8814 9646 565 702 5157 2841 2931 1105 7215 437 2685 4198 8199 1141 6678 9312 9775 3944 165 4263 9579 1516 29 3616 7223 7493 6812 573 3002 9300 9998 5962
35 3451 6861 7660 7796 6621 3822 275 5438 2510 9167 9119 3228 7604 4851 8829 193 1535 9175 5924 5388 8958 2643 9849 1347 9310 12 5862 3033 9774 7629 8134 7474 162 6251 1740
35 8767 7477 1114 9716 8845 3736 5644 4590 418 5324 6286 3687 8353 143 8002 9448 5168 4797 9973 6368 589 2506 3336 8431 5151 3346 4823 1224 9969 7368 8370 7884 9054 9364 257
35 8925 2176 8473 6865 5103 9170 2018 209 7735 600 2817 7560 7345 4585 8269 30 624 9078 109 2488 4227 4051 5084 1685 6538 844 5125 5889 3631 1233 4757 4301 3489 3587 1534
35 6485 8560 7896 6697 6184 3335 981 6749 681 4964 8360 6675 479 3363 643 936 3164 4486 9032 8906 9375 7648 2179 9763 3069 1299 8864 1357 6824 2029 2084 2787 2287 3480 6954
35 4426 6830 5025 7775 9239 5330 175 1668 4714 9403 2967 2838 6610 617 7355 4576 1156 8815 7922 4028 431 4624 1923 2729 2088 319 1606 4261 9982 5395 8084 2861 7621 6577 4219
35 7725 9203 9890 4948 8914 8230 1063 4396 3720 7723 3246 5132 3969 8504 3211 5262 2290 8847 1279 1834 2443 8526 7994 7169 4705 8806 1393 6690 5692 4078 7965 9216 6415 3065 7562
35 5650 5148 1199 2955 4339 7051 6470 8645 1743 6346 2197 65 1459 581 5693 9218 5801 8228 7890 9313 4892 4770 2093 5807 1193 5046 6039 9500 5783 5902 6728 6633 8104 5333 9037
35 539 9615 6200 4505 592 1711 8867 6102 4362 8683 4509 3055 756 9409 8589 2629 6410 3006 4432 9727 1701 3614 8247 6114 7506 5679 1849 4045 7575 4825 980 1388 9185 113 5571
35 4162 5633 330 7979 9201 4689 2164 5568 7354 3624 4879 5007 7713 3031 4445 2959 8573 3907 2666 8280 9332 6365 7781 1 1602 765 6274 7982 9011 1579 215 2938 6769 3703 5468
35 8234 9420 2715 3793 6060 4327 7821 9465 9685 8647 2002 99 1318 3791 9493 4344 4581 503 7915 482 7186 4613 8634 4704 5322 5160 9496 2351 8068 3546 6889 8271 60 2409 151
35 2128 4258 9121 2849 3161 8029 134 8976 5765 3490 6807 8159 9804 308 2016 6261 5952 6897 9701 6883 6735 6376 2 4296 7343 9980 4455 6608 9072 2554 2277 4275 7650 6418 8609
35 1117 2070 6141 1371 6630 9096 5352 6804 3442 3475 6071 6586 3767 481 4802 6143 6751 4287 1771 2798 1790 2559 1508 2900 905 1312 5268 9972 8988 9821 9924 7837 7530 6974 645
35 7756 3778 9068 5442 5643 567 2111 455 4435 5739 2530 3254 9357 514 8817 8520 1075 800 9959 2979 8601 8013 2242 858 4501 1670 3029 8009 4442 5293 9693 1512 1164 4406 3557
35 6121 6569 5104 8512 6135 5983 962 3062 9208 8639 7624 8954 3573 5296 1294 6585 8008 3810 4751 8010 5583 2755 2574 5416 4795 8977 2019 3421 9928 6089 3704 4223 3015 928 4224
35 5941 2911 335 8331 3221 4889 2132 6708 6228 3318 955 8133 5288 5591 6523 3262 9271 3092 9155 9330 9307 5290 4461 73 4094 1661 7700 197 2936 3924 4269 7838 6916 7291 2874
35 7431 651 8419 8130 3533 6401 8957 5463 4220 2367 2228 5648 8618 6408 2981 5109 4963 3317 8343 4109 7311 4666 1738 5703 4736 2908 5377 8275 305 649 9883 8494 3619 1922 1009
35 7068 521 5728 7953 1434 303 3757 7195 9903 9670 7466 3688 154 8545 8143 4212 977 3213 466 63 9620 5631 2159 8284 1106 4061 5286 1940 6921 5257 3765 1154 8332 182 8506
35 280 6789 3187 6787 4460 6057 7793 2173 8952 3275 3064 4564 464 2614 7176 9968 5572 2165 5365 9820 1654 4334 1665 6336 2495 5101 2505 6001 187 1445 4696 153 731 7153 9076
35 2386 2431 5034 2836 2984 2985 3742 9454 2912 6444 8125 9479 2013 6993 434 4361 2545 2925 8967 6169 4335 8383 3797 101 2522 5247 3333 4756 2761 8886 8606 5635 401 9092 9536
35 7270 4930 6109 3129 7261 8716 8780 136 6093 2340 9550 4531 3287 5194 7117 8682 4970 7253 4771 8475 5000 5947 4603 6474 7464 2243 6565 9361 9088 82 1741 4568 4159 4055 7312
35 89 2750 419 5978 6045 3094 7539 2458 2231 8344 3901 4818 2402 5992 6743 2073 9453 7495 2150 2251 7472 6094 6355 3058 4216 7164 775 7655 8575 9794 9526 2055 397 5942 3782
35 996 3787 9381 1609 447 8590 3760 8273 1695 3201 8033 8450 8107 7087 3536 8102 776 8500 106 4969 132 7542 9848 107 1671 9000 2266 2776 8527 3997 4295 9572 3602 364 695
35 4424 1953 6761 2417 1615 6655 3956 7128 9278 1170 8644 9541 8237 4466 3108 7314 176 7428 1228 9070 7091 2214 61 7929 6973 8317 2004 761 661 5700 1011 5981 937 7931 7728
35 9547 8812 6845 1907 1591 6567 4383 8452 7743 5953 1159 7294 3686 6285 9793 3868 759 3838 8604 2343 1589 7630 8853 9852 9222 7786 7320 1773 4761 9402 5741 5245 4071 4280 5535
35 8075 6077 9123 8773 7138 9808 6790 4512 585 7298 7348 6615 1200 2934 9380 1888 2528 8712 8405 2449 6339 6382 1841 1368 684 3672 322 5511 20 7277 2143 5793 7686 4373 3263
35 6695 8978 3437 3719 9022 7469 2338 1729 5418 1483 2829 2730 1219 41 8171 8161 9833 8962 2891 3975 1679 9521 1851 468 4905 8861 91 9922 883 3626 9197 1525 948 1845 2539
35 4060 8505 8602 9363 8802 7133 7911 881 3415 9183 9845 4707 9600 2324 9886 9041 1547 112 994 8115 7755 7339 5419 5637 1748 3222 1343 3872 914 3137 9283 1387 7930 53 1260
35 3183 1555 4871 5189 1319 6214 5999 5186 8955 5716 1799 8681 3207 5184 5632 5149 1166 4809 8781 4052 1914 6411 8959 1760 6907 3943 6104 6349 3310 4918 2876 8179 1732 7366 2592
35 732 1231 7099 3119 3027 4248 1515 2826 4179 5798 5667 6788 4610 7529 4103 367 1517 6714 9491 4365 4869 6549 3527 9457 6213 8038 3128 3753 6310 2188 5792 7371 2365 5538 4317
35 790 5696 5840 2280 1026 346 1290 2948 1993 9237 7961 4169 7667 7263 9466 167 6595 8127 9731 5731 9532 5256 5782 5904 2990 3804 7067 5450 8850 7167 9492 8668 1690 1870 7143
35 7165 5837 5973 1031 755 8896 737 6119 4266 2926 1549 5403 7611 4622 8316 8940 8747 189 5182 8710 575 8724 5799 4787 543 2390 1091 1931 2285 5448 7304 8632 7461 3049 428
35 1227 1794 6108 3715 8274 4687 2180 9770 5491 403 3548 488 7523 108 4210 4005 7788 7538 495 1065 7467 1620 7815 6457 493 5259 8432 609 3460 2649 2749 3828 3132 6815 4057
35 8224 3887 3949 9667 4987 694 8532 7093 4391 887 8135 3395 3298 7862 277 1801 7508 4347 3827 4368 1257 7395 2156 590 8832 3562 1857 9347 3309 265 7567 4893 5857 9895 4762
35 2359 1284 7779 8220 2099 206 5630 1043 4981 5918 8550 4253 9004 8844 4861 5202 3853 734 984 6604 1524 7701 1564 5994 3766 5391 8066 8250 569 1029 8438 411 3727 4729 1715
35 6893 4370 3522 572 7579 6144 2659 2580 778 6646 7465 3232 6498 5244 3904 7727 6383 3985 3744 1611 725 9050 1457 8165 2207 8351 1071 6570 4007 5740 7993 8226 7000 4910 4798
35 4194 2434 338 8579 8487 8731 6394 8882 3534 8221 2982 4816 2121 4358 2556 9626 1927 1259 7570 5621 9974 4323 3798 8971 2478 8480 1418 8151 5223 3741 9226 4627 4417 6332 5808
35 9288 2788 4298 2345 1526 4766 4731 393 1291 9879 5092 1112 4393 8026 1015 6869 5596 5629 8372 3307 1456 9995 4156 6208 943 8496 8289 1385 3500 8058 8394 5533 2623 2106 3020
35 9663 5609 7078 3190 2688 6378 8831 6393 2824 8828 9467 2877 9024 583 3124 6055 6510 3852 6371 7142 6900 9470 3948 4494 3821 3842 1148 4878 5974 6935 1221 7790 6685 410 2174
35 7534 6727 6931 8909 9914 6290 2083 1000 5407 4076 6882 3930 8969 4620 6473 2878 1610 9033 1798 3438 5917 7606 4428 5483 1565 9994 1808 7485 6361 2546 1628 946 208 1823 385
35 9366 3210 6281 916 4380 3908 4332 9484 5344 7827 7900 6309 2175 7405 3153 4372 1270 4629 1853 9919 9189 1785 415 2114 3113 62 9371 1843 4264 577 3784 5253 666 4602 4467
35 5826 1455 1495 570 6073 4913 8551 3754 915 4992 601 7324 907 6273 7974 7945 4635 345 9576 9703 3012 6269 7449 314 7921 4209 3258 3365 4659 3891 1072 9734 282 4700 6128
35 2090 2895 4009 232 9108 8616 413 1792 347 6134 4469 7937 6233 4195 9328 267 7251 11 6175 7834 8766 203 4540 4836 8216 3163 2884 9859 5165 8749 9925 7162 3364 9927 9652
35 2116 6167 2611 6406 9607 2291 9005 9725 1195 408 9585 4820 8900 3133 9281 6076 7984 8071 5141 5614 2230 8528 1090 8421 6736 3167 6375 5043 161 1506 7172 2484 2335 3280 459
35 6704 2664 8163 2416 7715 4522 8805 3506 3848 4511 5227 895 9370 5246 9938 8753 2372 7115 3320 1216 3155 4197 5473 4631 9394 6998 7193 2376 2201 6768 5461 98 6464 9066 5923
35 743 9636 7954 9996 7319 436 7129 8061 5496 5640 1563 4876 7509 1352 1500 1614 2766 6773 4541 9837 6259 8752 7478 2718 8585 3052 6398 4112 3792 6291 6343 9840 4267 5830 9333
35 787 3248 5123 247 9599 7733 2260 9478 4450 1017 3229 9269 6667 9631 3276 6657 6597 5959 4255 680 3282 5754 7737 4547 1403 9045 7675 9548 7457 9878 9747 6599 9999 1258 3978
35 9200 3041 2576 2000 2240 4951 9148 5684 7002 5185 5455 4130 6820 4808 1447 7488 7420 1945 4225 7668 2086 2074 4017 897 6724 6859 5956 9329 1441 9118 9603 6164 3249 5106 3502
35 3404 5467 4656 654 3436 3325 7303 6858 9741 3091 5960 5949 7708 9301 1013 9344 5193 9449 5026 6950 8362 5232 3202 6764 8621 5178 7864 5436 8672 3185 3645 4102 1024 9749 2426
35 1413 1381 8425 7083 9204 7108 945 6295 2958 6776 9640 9463 7210 7960 7040 1183 6988 7096 4114 9062 2632 5825 7607 9246 2613 8411 149 9056 7527 7844 9389 5426 5161 4595 7865
35 3339 3099 5736 8626 179 1867 9428 7679 8460 1256 6910 2790 4754 544 2991 340 3045 3 7816 5854 9248 6557 8352 4314 2691 1165 655 8984 9810 773 865 9590 5876 5852 3037
35 5353 2470 2404 2647 9948 9001 9698 8249 2306 5280 8437 8054 1912 6396 4144 791 6288 8202 7274 31 5412 667 6899 7212 3504 7031 9539 2377 3743 2184 2233 7940 4894 3521 2538
35 5502 1245 6212 9941 8222 861 5421 8523 6699 7110 3993 4811 7070 1952 7135 1048 4955 1544 9441 6783 2339 1449 7249 2537 4636 5369 4703 7456 4293 7840 5413 1191 5175 7377 317
35 1533 8386 4831 5506 7830 1101 8283 144 2978 8779 7970 3342 7770 3111 1982 1422 878 2453 1826 6462 824 4064 3125 8448 2064 4149 5590 213 7190 7947 4302 2957 398 8648 2692
35 4276 4661 7780 1521 9374 4915 6381 339 6846 7205 9084 5588 1185 55 8479 2135 6702 1451 1958 4182 9253 9933 3981 1171 3670 6032 3819 7053 9745 3680 2628 3996 2887 1189 1765
35 2880 9223 1392 7902 7574 5620 8983 6976 8488 6058 3618 8287 9870 3087 9306 2523 1179 1337 8584 6187 1332 715 7409 831 7236 7748 8883 9799 1358 1791 6062 4864 5608 5380 8986
35 1694 9460 3585 8403 6841 3025 4155 2850 3509 9111 423 1894 795 5310 7762 1691 6825 8375 593 4611 8797 8651 9042 8354 2961 5431 366 312 8140 1700 1603 27 290 5009 6927
35 6151 4375 9798 8174 9923 3578 4135 4909 8276 2428 8704 1828 6402 9992 8497 1109 4116 6024 1854 9884 7148 1446 9429 3285 424 2970 2327 9831 5239 6691 2541 1883 6876 6478 1675
35 4919 3830 4087 3173 8499 2964 2686 7375 2585 3127 9057 8288 293 7139 3541 1887 1624 2155 8811 4664 3233 5613 5302 3152 6472 6298 4895 3194 7109 2866 2003 120 1437 9149 5489
35 2198 67 4299 9983 2811 1676 7013 5530 8689 6867 7943 5283 6582 4282 5681 15 116 3385 4262 1355 2215 8189 8324 6648 4768 239 785 5906 2515 9414 2131 828 3749 2634 3609
35 8536 8529 4899 8196 9002 6409 2067 6755 5357 1461 1528 399 9186 6972 4828 9947 1192 3051 2330 1326 8359 9160 6959 2774 1574 9904 9154 4642 467 8696 7975 3402 5867 8733 2279
35 1372 2244 2191 2456 4242 3384 2987 5028 9508 4140 8266 7813 2222 476 7745 5346 683 6048 2916 6080 9832 7021 976 8371 1716 3543 9483 7284 376 9257 4006 8028 7309 837 6963
35 8624 4274 7283 1568 4880 8934 3599 2333 7039 7732 2419 9888 7710 8335 5429 9746 168 9816 3196 64 2361 6051 5945 8126 2540 2773 8670 9896 1572 7836 7104 8622 3954 4755 3844
35 4326 78 9452 9461 6240 8690 7972 7020 6692 3131 7828 6860 7825 311 5235 4268 7471 5462 5261 6013 1473 37 8663 6758 5567 637 9986 5420 7130 4715 4690 3366 4517 7006 3763
