4 234 213 190 37
4 221 29 181 2
3 36 14 288
3 179 174 115
3 34 40 104
3 167 224 289
3 216 146 12
3 168 230 98
3 41 202 265
3 65 281 51
3 275 28 250
4 180 64 205 130
3 99 217 182
3 54 172 242
3 110 239 192
3 87 128 292
3 184 244 66
3 88 26 223
3 116 39 31
3 33 277 20
3 8 268 297
4 108 188 25 9
3 80 207 256
3 0 122 252
3 164 102 152
3 134 68 30
3 4 121 120
3 212 222 145
4 286 209 112 165
3 299 191 155
3 296 214 67
3 72 185 55
4 7 282 10 175
3 103 254 78
3 24 253 186
3 246 170 123
4 249 96 138 132
3 85 284 266
4 75 204 16 94
3 210 3 106
3 62 109 229
3 92 195 233
3 220 50 59
3 159 158 176
3 162 86 215
3 13 177 270
3 133 295 17
3 161 61 46
3 294 241 264
3 127 163 272
3 148 82 154
3 203 258 141
3 260 27 71
3 95 269 278
3 58 22 279
3 276 243 228
3 137 117 69
3 136 236 142
3 193 197 143
3 144 6 1
3 259 157 100
3 225 73 126
3 107 147 262
3 150 11 196
3 56 237 194
3 187 283 84
3 218 76 149
3 227 111 43
3 263 235 52
3 38 118 49
3 267 119 173
3 273 70 169
3 105 114 47
3 171 89 231
2 198 201
3 125 48 97
3 261 90 178
3 15 140 189
3 74 23 135
3 44 81 247
3 18 271 280
2 60 199
3 57 42 240
2 19 45
3 290 160 206
2 200 35
3 285 298 251
3 53 248 257
2 166 238
3 63 93 293
3 79 139 208
3 129 287 211
3 232 124 274
3 245 83 183
2 156 291
3 226 101 153
3 113 5 151
2 21 219
2 91 255
3 32 131 77
