7 5137 381 9497 6121 1902 4655 5813
9 7005 24 3655 95 2706 7172 9225 2004 6911
9 1900 3849 6645 1630 8434 2537 7212 5546 4492
6 48 8236 6767 1568 5134 1344
8 2581 9166 761 5996 5769 578 5786 6016
9 837 4794 5766 3990 1223 1297 2546 5645 2862
8 2009 9806 9820 908 6983 5852 9683 7784
7 9504 8681 380 1521 7503 2826 7719
8 7270 1735 4895 9226 137 6798 3131 3185
8 7936 6402 1745 9752 9980 3382 1021 4542
7 203 2143 66 9054 6243 7930 5230
9 9256 3208 7040 5465 3394 456 5004 5316 2363
9 303 5598 2695 1527 9128 501 2684 9098 9644
6 9913 4228 6216 7613 6431 8397
7 3156 2060 1883 55 7085 9232 3179
6 8890 4450 6356 1431 1331 609
7 1178 1613 5359 1024 9135 3917 1035
6 1335 7464 6392 2504 9245 3246
7 3654 7709 6393 98 1307 765 9269
9 4839 8559 9733 1189 146 2622 4876 1806 5637
8 4094 3692 6575 1406 8664 6910 3209 9076
10 5497 2465 4153 1908 9761 6562 1218 346 7800 1288
9 445 5615 1170 6698 661 403 4258 5475 3911
6 3580 7575 4709 1716 1416 1882
9 1992 2838 187 9563 9165 575 8115 4995 438
8 4435 656 5934 1491 5417 5083 5062 6358
8 1138 3616 3435 9617 4495 8481 4950 6959
7 8703 6804 4205 7379 6873 6320 1074
7 8578 8290 1912 2118 3961 7491 8082
8 9084 6536 9134 9546 9192 8121 6668 4079
8 4679 8566 6965 7234 5486 1690 5772 5531
7 4059 6327 6618 9712 636 1780 8404
8 2949 1090 2973 3622 4756 8546 367 7530
7 4829 8323 8804 1186 3022 3071 2516
8 4377 1503 9429 9623 4940 7007 8845 9642
8 8292 7314 9068 2184 4154 7552 5640 4118
10 7429 7499 8302 2881 1475 3477 216 3438 3343 9404
8 2384 7889 9842 5663 1198 5765 7317 1359
9 7913 3976 9087 704 1142 3159 4089 3529 8463
9 3444 8435 284 5970 5535 3475 6164 5624 6881
5 9121 5371 3360 7492 4448
8 8630 8489 4208 6985 2171 3154 6812 6057
7 7952 3358 7364 7647 5734 7396 6644
8 6807 4507 9890 7445 6168 9930 127 1703
7 4379 3647 348 3267 2854 6590 1487
7 3457 854 842 1381 5484 6166 1174
8 606 5887 5861 3366 5250 3429 8570 2677
8 8518 1054 3138 7191 3065 4734 5526 451
6 2418 1799 580 8294 5762 644
8 7318 1465 3373 6966 9789 3738 287 5157
7 8271 6399 6173 7045 8883 2911 3111
9 7399 1869 9255 2661 7232 2174 2561 3624 6505
7 5299 9805 2963 6652 4887 4434 6314
8 1664 6004 7253 873 6331 468 1611 1157
9 2296 4090 4021 9992 6579 1914 8289 6936 4649
8 1815 6160 5516 7019 6580 8659 3008 5891
10 9675 4601 2316 5955 6026 8652 7381 3221 5448 932
8 5018 206 9466 7686 2397 8105 9798 4451
8 1978 4233 3697 7477 8631 7415 3614 6154
10 9888 2720 9707 7612 1843 91 7811 786 2527 2454
7 1492 4048 7493 1738 6793 2088 1713
8 1209 4494 378 9313 1332 8599 7659 8215
8 190 8989 9104 1553 230 6947 7973 6828
10 84 394 5406 9654 7877 8585 1037 6704 5469 7261
8 8773 986 8243 7628 9779 8220 8500 7242
7 268 9869 4475 5636 3230 6646 1849
5 563 2751 7108 2574 2583
8 1993 4842 8190 493 3685 2901 776 8959
9 5192 4112 3409 2305 4327 1700 537 4175 1195
9 6783 277 8425 2072 196 1551 4590 259 6492
8 2576 6307 1346 5967 3425 826 4351 8663
8 311 3176 5602 9151 3317 5301 6720 6665
7 8329 513 9763 6908 1464 7170 3931
9 6456 375 9619 3875 5263 4365 9686 9541 8925
9 6135 5868 9511 3311 193 5537 8067 6209 8677
9 7640 3442 3030 372 8485 4366 9943 8860 1662
8 6115 3544 8868 1160 4245 3072 3852 1706
8 9550 8055 5060 7535 9272 2944 5550 1473
8 6901 9078 1113 9817 8413 2263 9189 9387
9 3527 615 8367 5899 3430 6816 7796 7995 3014
8 3253 3398 8737 7901 1534 5952 6231 6616
7 8711 3542 7574 9246 2642 8769 7235
7 920 6879 934 5730 9872 8810 784
6 7468 2797 2710 696 5239 532
6 5113 896 9044 5168 4231 391
6 9020 4411 9397 6385 4963 8441
7 6039 775 6476 3986 7037 7780 2819
7 666 2006 2008 2972 4060 952 6176
9 1528 5717 6199 5287 7156 4405 1885 4403 2625
7 3743 6786 5381 8694 9483 6109 3298
7 5445 1228 4194 6182 3122 6850 2887
6 700 1002 9685 8640 9954 8552
4 8227 6379 5226 3883
9 4214 1794 511 1494 1697 7066 8954 6684 3492
8 2920 8832 5218 5809 5289 7610 620 1919
8 8204 8784 8167 29 3396 9867 8764 7295
7 2106 2696 8198 8864 9335 7703 6509
8 2432 7465 7861 1500 2556 6565 2404 1280
8 1305 7768 9291 172 5539 947 5919 5924
9 7070 5086 8086 8445 9743 5161 90 6408 3283
7 3471 7759 8782 6615 4369 5572 5930
8 677 9314 5069 4781 8407 4449 9041 1722
8 9698 8614 8213 832 7102 800 9843 1744
7 6794 3468 3249 3119 1320 4169 488
8 7293 8102 7092 2681 7366 8009 3060 8389
8 3607 1206 8637 2975 9228 2896 6779 587
8 9393 9965 3513 8892 6498 760 9841 5419
8 769 9974 8155 4525 852 3865 7671 6441
7 3988 1803 554 2240 6503 174 8895
7 7320 6971 7915 5182 7778 5420 9604
7 6654 502 992 3193 5904 3056 8722
6 1315 7355 8035 7962 8394 3507
8 1543 3821 9207 3579 8042 688 1546 2090
9 6252 2520 7704 3203 3904 74 6682 8096 6631
9 7229 8586 7994 9011 6956 5875 542 2534 3504
6 6694 4914 922 4070 9231 6453
8 8149 6023 1601 4966 5021 1651 736 9312
8 6403 6718 8462 1944 35 3432 7886 8839
5 719 7816 5553 9021 8581
8 4885 6502 9926 2639 1710 2913 8318 5839
8 9544 7442 5628 7609 5040 8819 4162 9931
6 2356 9349 4877 6874 6232 4390
7 3236 8191 2673 1930 1393 5528 323
8 6150 4028 2426 8207 8843 9367 2965 6285
5 8978 8306 4629 158 5024
8 1438 8795 6809 3669 1871 904 6015 2658
7 7862 1349 7246 1193 5870 4472 1390
9 5693 8203 8962 9452 354 6155 4881 3109 7751
8 9523 3840 9952 7808 8426 2510 110 6690
5 8024 8088 5514 350 3718
8 9216 2357 9846 4260 6815 2547 2759 2133
6 6547 772 6596 7791 2796 2612
7 8509 6048 7434 5208 2882 7256 5098
7 9852 7116 5477 1376 6134 5737 6870
8 945 3047 5554 8575 5885 1325 9293 7624
9 768 6851 2711 8338 7224 9934 2892 3516 6348
6 7325 6818 2 5255 6986 5361
8 4309 3758 6202 1146 5698 4746 576 8123
8 6044 4836 2110 374 4279 4343 8017 7733
6 1192 4807 8020 3805 3235 2373
7 3572 8671 5241 7150 693 101 8716
5 7475 9459 9346 6306 4908
6 8670 3596 2412 2850 2325 5138
6 7013 1326 2717 3547 5589 4580
9 297 6466 3170 4724 6333 1628 4933 2013 3259
7 6110 3578 506 6425 7599 2775 3559
7 3329 1100 3029 2523 9392 9295 2683
8 157 4428 823 2551 7876 2745 5761 3023
9 2917 5727 225 9037 2327 9722 3421 2654 9714
7 4948 5335 4017 8848 7614 1555 840
7 9935 4056 1625 8328 2982 425 7678
7 6321 3057 6198 916 5639 5634 4023
10 6780 489 3605 1605 5808 7916 7860 2997 4272 2145
5 8965 1430 7840 8605 7337
7 4894 7685 2385 7456 1443 7940 1014
8 6952 9325 9559 8274 2809 4300 9579 8110
10 7928 8158 3541 7134 1101 3157 9651 9907 5506 2650
10 1066 8484 3786 3816 7398 4666 5464 3752 4257 8113
7 9851 4704 730 4353 2431 9858 4967
8 7198 2559 2912 9731 7010 6324 7030 3162
6 3869 6003 1135 6829 4283 9601
8 1515 856 1864 7226 4591 1432 4745 7044
7 5744 2981 3418 1942 4335 581 1088
8 4637 4346 3381 7103 7341 7276 5284 5953
9 2571 672 41 7555 1997 254 8018 9997 265
7 2774 5751 3790 2132 4989 7854 3229
8 3333 6430 1227 7135 4150 2368 628 5296
8 3951 7572 6942 7687 7580 886 71 4991
8 222 2566 1627 6630 5201 8493 2496 7978
5 1874 7097 1013 4838 625
8 6269 3068 156 7372 5158 1444 7233 2704
6 2166 9202 2181 7457 2758 5653
7 7249 8118 5866 4546 4698 8065 4808
6 1888 6438 799 9838 2977 6610
6 3017 6409 7891 352 4004 6725
8 5358 6244 5853 2928 5704 2420 3268 9922
10 9305 7956 5025 9705 1784 9696 3377 1163 5564 2469
6 5332 5193 5369 541 8415 1190
8 9581 2651 4959 4643 2078 8976 1283 3959
9 5424 5387 4659 8686 3966 674 3496 4438 4308
8 1867 3129 9199 713 6839 8127 153 149
8 9768 7428 3270 4867 833 9510 7483 5821
8 5649 4207 1263 2657 5366 1737 6147 1277
5 8967 7000 2476 9197 8332
7 9901 6220 7988 3050 183 4773 7359
8 5890 166 849 6248 1852 9593 7369 3633
8 3055 1530 4826 300 2907 4426 1657 4325
6 7227 2548 85 1477 7378 4691
7 3257 3364 1272 8854 7250 33 6384
8 7911 9411 2578 4223 3044 5959 3392 7084
7 8175 6711 1773 1529 4764 3810 5912
6 530 7188 5920 9065 9377 5174
7 1447 7710 2992 4528 1461 860 8753
8 400 2999 1862 76 1861 339 7336 5850
6 6412 8071 9361 8383 3151 8226
8 2135 9549 4088 4302 8285 3501 4589 9999
6 8448 6485 4615 1143 1130 898
9 8557 5189 4630 7512 1276 9395 3725 8142 6063
9 7957 3855 4171 3795 6663 951 6755 191 4177
6 4833 6132 6745 2461 9379 6545
7 9864 5713 6208 9000 9471 1585 1829
6 9976 1267 5091 8439 1125 5867
8 6404 7186 8378 8791 3584 4635 3635 5889
9 4687 9137 1565 7576 6538 7933 9662 3046 8684
7 7346 633 7548 4990 1538 8483 9970
8 88 119 3334 6677 477 7145 9772 2255
6 8382 7129 6924 494 3751 4818
9 61 519 9140 7494 9845 1062 732 179 4626
8 9267 753 617 2952 1592 8687 2503 6995
7 2788 3778 4593 7931 816 6516 4069
6 9401 6541 8229 4644 6454 3214
7 1635 1845 1755 8876 9652 4505 8130
6 5510 892 655 3202 1 5575
5 6765 439 4352 3269 8727
9 7657 2026 8128 7864 8902 6474 4012 5075 5294
6 2176 4481 5954 7914 2003 1615
7 211 1215 7117 6989 4762 4174 8612
8 3549 8059 4078 8376 867 6056 9767 6487
7 4184 830 2585 5816 4204 1590 5436
6 1273 5235 8085 1023 4317 3681
6 4437 7109 6526 4141 9962 7909
8 6656 5089 1863 6877 8774 4523 6945 9253
8 4984 8642 1910 1723 2916 4639 6876 7568
7 5227 5601 853 9182 1844 4567 1510
9 3103 3245 5324 422 8187 3199 5502 8456 7079
8 9627 4958 2577 4907 4264 8403 4312 1642
7 9514 2538 417 8747 7284 5975 5884
8 3025 3564 376 266 1689 8601 5830 9569
7 273 1512 4973 5012 6377 8240 3611
8 585 3426 210 4520 3556 5278 4684 7742
8 9412 8157 9564 7255 2989 6137 5246 7310
7 4349 921 8464 4195 9298 1058 4752
8 4414 2941 3196 957 2663 7534 4774 7813
7 6304 3090 9249 9167 8958 9162 6246
8 3371 5295 4713 1221 8179 5032 2485 8151
8 8351 9450 3190 780 7812 3794 1397 1378
8 8342 8310 2511 6742 1208 5724 5197 8345
7 6296 7438 3732 6523 3292 3272 8076
6 6457 6381 9505 1102 5903 7820
8 2147 1557 8786 4537 2291 9839 712 1653
6 4761 1105 728 3553 5141 4640
4 5991 476 7023 124
8 7553 7554 1550 1968 4147 9882 9848 5302
8 5517 1386 8040 9262 9152 6254 362 2038
6 7804 6582 1078 2810 8846 8201
5 4080 6903 9341 2935 4941
5 9691 4815 6473 1399 8999
7 6735 6222 8956 5699 3919 115 6521
7 474 3051 9127 5799 1513 7689 7458
8 2531 6922 4355 649 1387 67 3100 7268
7 3024 1422 6884 3583 9924 1795 3286
9 961 3830 8379 4875 7712 1999 3155 7424 2307
7 6912 9744 4031 3534 1610 3303 7391
8 9003 825 3557 4068 5043 6192 6846 8139
9 3410 3891 69 1560 2105 8237 1775 7801 1038
6 4733 1257 4072 6059 684 5325
8 8587 57 2675 4673 8953 6223 113 2258
7 2519 3445 5782 8901 6378 5518 7152
6 3972 5746 9156 7873 3774 301
8 5090 1323 9477 6634 5583 508 2767 7918
8 1269 7373 9289 8595 1779 6679 221 8942
8 6916 5856 9626 7020 5711 9684 943 6576
8 7104 2742 8653 8520 3077 9092 6594 9915
6 7716 6649 3104 2025 2290 8704
9 6822 423 8184 2108 1364 9629 8469 5768 5538
9 6913 4421 3167 6237 3663 6213 3953 6118 8594
8 8406 7692 2245 560 199 2051 9585 9831
7 565 942 4863 9141 668 9618 1462
7 4648 5576 175 8950 5313 2422 8948
7 1830 100 7569 6067 1879 2619 6600
6 9254 7846 9406 8192 5126 7437
7 2123 9109 3770 4953 8889 8752 3448
5 2718 8263 25 5115 1452
4 9927 3776 8875 7436
8 3005 8675 212 6340 7763 4358 5732 4811
7 8133 4115 3531 9038 4712 8026 9895
6 9996 9819 3420 3807 9804 6753
8 4665 5771 2275 4656 3699 2306 1969 9794
7 117 5948 7934 6305 4027 4237 2408
6 8792 9138 147 8968 5056 3158
8 7329 8856 6836 1414 2444 894 40 1343
7 4848 8555 6639 1676 2762 3502 5623
7 3168 8112 2781 7193 4777 5670 652
7 483 4788 2260 6751 2668 1362 5370
7 3200 9947 8309 6633 1394 3900 1007
5 8758 208 5441 4152 3405
8 7993 1111 4139 4113 1496 1075 7388 9736
7 6265 7263 7162 6864 9821 5621 6349
7 3067 3958 1407 1412 4992 9047 598
8 6724 7190 6784 141 1081 8231 5767 5988
6 6875 499 3793 1365 5000 5334
7 568 6076 9002 7794 2173 777 5463
6 7975 8449 1311 8882 2053 2182
9 610 7088 9282 3675 8194 3970 9348 9659 2926
9 19 8588 4410 4387 8945 4314 2923 466 7509
7 7585 4657 9561 6746 8111 5223 7954
7 7357 1835 8840 2324 6064 162 3715
8 7319 7114 9830 507 1913 6483 3242 2494
5 3739 7561 3885 7194 3207
8 271 2112 3066 8028 5913 9582 1786 757
7 4225 6058 5237 8682 5350 2331 2908
9 7965 3281 5719 9503 4376 8783 2031 8513 9527
8 2507 2828 6119 9394 9920 7626 5081 7748
8 1593 3817 7347 9487 6806 8514 5242 9250
7 5440 2056 3325 1897 4663 9833 6988
6 1995 6740 5300 364 8476 9200
7 3294 2480 6893 4003 8297 7031 5571
8 200 4586 2904 1729 5957 4001 4548 3224
6 7230 2512 7451 7948 788 165
7 3603 9495 802 671 9548 1582 7533
6 5402 3148 2036 1833 3539 5392
9 6418 3411 583 1222 4705 1266 4547 2127 60
7 533 435 2605 9981 4857 6557 4862
8 627 6024 2919 6013 4489 1519 9169 5665
6 2297 1620 2107 6512 4603 8000
7 4071 9274 6570 3735 8719 1411 5551
6 6139 3729 7912 2109 2749 2376
7 6607 1986 2686 6316 2937 2209 8047
7 975 2293 5285 310 2859 1991 3762
8 328 9680 9610 6280 7490 847 7910 1906
7 4307 950 6647 4642 933 8853 4333
7 8146 9090 4653 8062 2247 2350 8994
8 2015 726 6329 5712 7463 1466 9230 2218
8 2784 4706 6843 2074 7707 7271 9715 5471
7 6069 5507 1109 5933 267 1763 2049
9 1757 9306 5234 8979 8023 8952 7699 9124 8235
9 2735 3546 6293 6133 5881 382 5851 3001 6693
6 4467 3105 1176 2248 6274 197
7 734 4502 1319 457 5532 977 2617
8 2986 6338 4882 7693 7941 9388 5914 3943
7 6710 5678 8021 5457 2875 9903 7239
7 1313 7174 3615 6450 5530 8982 9993
6 7430 8996 2641 2077 9754 218
8 6228 9042 7837 2207 2599 8992 7652 3536
8 7141 8219 7041 2543 601 4560 727 3848
8 8262 8708 7118 2954 3340 2756 8270 6294
7 6410 4143 9557 6041 5340 6325 9486
7 3375 3414 5304 8731 9718 3296 5644
8 1200 9409 9473 9362 3495 733 2844 3941
8 8370 3629 5034 5695 9968 7879 8771 4476
10 6695 109 2536 419 4969 7903 4406 5384 9936 1507
7 2934 3036 4767 9191 2740 6891 8319
7 8699 3362 9273 2731 9828 9609 9354
8 5049 92 6739 7595 6898 217 528 6099
9 6424 1984 7690 6537 7323 9022 5052 8598 7946
9 6831 6123 549 102 4063 7691 4617 5315 4442
6 5654 9345 5480 7330 6394 1258
6 5282 6098 4792 3181 3767 8561
6 6189 169 902 7075 6628 8592
5 5205 718 4011 9647 8249
4 306 7682 9991 4500
8 1609 7196 462 7380 7732 6785 3563 231
7 8803 8529 6984 5184 9578 184 2836
8 4935 3585 3239 1994 47 4675 9908 2502
8 3197 6101 4585 9481 6703 6416 8931 1892
7 6053 5686 2738 9595 5382 6240 6460
6 1240 159 6484 9574 8348 7376
8 4742 8104 7171 3453 2969 9366 3285 4191
7 2783 4913 342 8534 907 8657 430
7 3147 1441 2020 7119 7417 5925 5630
8 9347 3632 3276 9402 3640 5140 8224 8913
5 7444 7984 3 5638 2593
7 5721 1384 3384 6200 7504 3300 4911
6 6706 9925 3403 1750 1649 1435
6 32 1970 5815 305 7500 6464
9 3693 6361 3112 2313 7207 6493 2715 7634 9010
8 7471 8728 1777 248 2061 774 388 9921
7 9625 6805 1220 93 1421 4183 4716
9 1866 3555 2869 9316 3773 6832 4512 2621 8701
7 1372 6141 2464 6752 9082 984 2608
8 8736 4511 1010 8176 8766 7556 46 2144
7 3708 629 846 724 6736 2672 5669
6 497 241 9613 7164 1670 2752
5 5983 3092 5094 135 3898
6 3608 3133 4347 2314 3088 3035
7 6239 5087 313 9159 356 2157 9614
8 7677 4873 444 3901 5844 5155 4230 1136
6 9164 5245 2867 6414 4065 7725
6 4717 7211 1211 516 9534 4151
6 2436 8458 553 3393 6420 9251
7 4455 2217 8713 5994 5479 6287 1356
8 2278 8878 9737 9133 6161 7062 9501 3064
7 5668 8412 9738 5858 6604 7484 144
7 4020 1511 8075 4002 3470 7754 4945
6 4693 9464 9035 9180 233 9910
7 1674 6188 3993 6638 1508 5770 7767
7 4980 1040 8940 3722 9896 9978 3503
6 3321 8629 8915 2116 6142 7518
7 3188 4034 8698 3826 6475 1533 6769
9 2603 5716 7406 9538 550 9116 9442 198 9214
6 4910 3833 8801 1949 6953 5067
9 9670 1363 6186 4109 3859 618 4874 3906 8119
9 8787 4661 4536 3530 6967 428 1239 9279 4239
9 2883 1097 956 4855 6172 9478 6669 5943 5342
7 7557 9286 6842 6029 3973 4516 424
8 6206 1079 5409 2377 7762 7651 4357 108
7 6849 9071 4544 8444 9376 4588 9461
7 3540 7243 4255 9449 7259 564 3408
8 6031 7884 4328 2453 475 1947 5326 6291
8 9757 8955 64 9769 1199 5336 5754 4865
