64 8727 5606 4230 1595 57 8067 5140 2669 2463 8286 9158 9339 2633 4363 7640 4433 4805 9107 1586 7850 337 3381 5965 3856 3075 2722 4956 9129 8036 1186 4923 2839 6019 4618 7125 9791 7092 2562 2256 9726 2821 8021 6449 8772 6710 1246 8057 3150 7227 7146 2316 2190 1162 9105 6598 445 4515 1111 3674 9676 3028 9866 3831 6926
64 9697 9765 6047 4471 1202 6149 9796 986 6501 1324 8110 250 3328 6906 3601 1522 2001 2805 3531 219 5176 786 2796 6875 3513 5059 8018 621 3651 1983 5027 6729 8684 8240 9425 5212 8298 2758 5556 4856 3277 1177 6878 653 4658 3107 485 4473 7423 196 8409 4769 6576 632 6666 4938 9440 5570 5018 836 4199 3972 7768 7720
64 644 5204 6127 5794 4082 2235 1160 3700 3148 1004 4185 8149 3349 4870 9164 3474 7132 33 3428 407 8308 1991 8667 9035 4534 6206 8563 1250 6279 4654 8680 7867 9077 1910 1576 6225 9417 4436 7301 6148 3605 566 3769 5073 7548 4349 4503 6189 7695 3018 8951 7046 7323 6270 1966 8044 9540 6421 6179 3256 5720 6067 7874 4897
64 8916 6106 6520 6420 5785 3158 4946 9776 6652 4 4558 5348 4584 4960 864 7980 1640 989 1096 4554 36 8501 9081 8555 5447 7829 506 3116 650 5829 8953 8782 3295 8877 5345 7528 3259 4548 8242 8707 5242 2303 1986 6313 1520 4463 4712 2420 2770 3419 9690 9235 7949 6389 6922 9082 2767 9019 7032 5038 6463 7991 8744 5013
64 2563 3555 7637 8927 8444 4481 6388 8208 3591 1713 4551 2216 6779 5464 1356 3705 2400 4459 4812 5503 1417 2163 6029 1282 4867 9789 7187 3149 8939 1144 9426 2573 1176 2663 7118 7769 6619 6008 2153 8961 7549 3067 2604 8051 6616 9702 5916 2793 4653 5761 1255 2262 9138 7639 7382 382 1419 4403 7394 5250 537 9049 1470 6379
64 3081 591 8355 9567 5138 571 1575 3208 2825 8657 8072 444 8416 9643 8849 6798 6990 2807 5401 4730 1718 8835 2450 3179 6419 1074 8554 3574 9574 3532 640 5548 2085 3861 5089 9180 9125 7531 8738 1503 9874 6445 3758 8400 360 5800 8413 5680 7580 7352 6852 2879 2806 7765 8581 8948 2673 5222 9978 6668 429 4319 1666 6647
64 7533 7045 8087 3048 9382 3713 4132 8519 2946 386 6560 6004 4875 508 3068 6938 7170 2893 4837 9675 5306 7406 4252 4586 7107 4127 4504 6041 6112 4404 672 6642 2332 783 9419 8039 9136 8950 3748 1551 1755 7300 6574 3284 707 9981 9400 5755 8717 2039 8515 9683 4430 9424 2553 7847 5308 7414 6 7714 6721 5336 4612 3647
64 1448 4772 8881 6103 1207 5842 3142 8821 3147 224 780 7601 9383 4480 6757 327 8734 7505 1049 1491 2457 8662 7760 4290 9522 3303 5002 8264 5234 6634 471 9962 6537 904 6951 9013 9658 1702 6460 4974 2616 2331 1068 6694 1493 5848 318 9191 3516 3043 9404 158 8936 3650 3188 8729 8417 9762 2744 7973 1136 5710 6545 4014
64 7503 4341 3348 6323 2472 7882 1860 9225 7095 941 450 2465 4121 6198 309 4793 938 8471 1838 4243 2828 1174 5515 5723 9753 3620 7201 169 1929 491 3243 2944 6575 4524 2435 9678 6904 3267 8947 8539 5878 3590 1545 7986 1900 1898 1932 9843 7057 9193 772 2742 2898 6997 8092 5773 8776 3582 3235 2848 4068 6983 6253 4488
64 8888 1169 1979 4579 5744 3640 7789 5441 2382 1930 8268 6745 4122 7432 6593 7052 6356 5196 2965 4117 9523 1453 2108 9580 3218 5704 8784 3740 2422 1302 736 3503 1960 4934 6412 4632 5210 5360 703 9178 3197 3983 3030 1636 4573 6254 8899 1070 3979 9258 2518 4760 3266 5699 9699 8871 8931 7731 789 8154 2496 7245 7156 5574
64 4560 4609 2115 2743 7852 8304 9664 4065 6564 2939 3376 699 8695 9437 7048 5790 4863 7703 8446 965 332 7359 5108 9846 8070 6507 885 9340 4701 6696 1035 5406 2972 9616 8735 2897 6643 5647 1588 1037 8884 4222 3738 2100 6671 9423 9596 4767 5083 2819 4408 5017 6053 628 240 8258 9047 8750 1153 4782 7536 9091 8100 951
64 3728 2801 26 5891 3518 255 6843 8181 8131 1067 9296 245 2840 1752 4108 2646 7673 3286 9655 2094 7794 7441 28 4929 2890 8764 7680 126 6913 1566 2996 249 4843 2615 177 8005 1235 6528 2923 2976 1646 9740 3889 3314 1846 1353 677 5258 9694 4400 3085 5717 7684 8311 5058 2138 9719 9864 8185 6252 3186 9680 9315 892
64 7034 5220 704 5282 2129 1776 1548 2651 7024 1293 6034 2918 5641 6784 3412 3205 5797 3845 727 6969 9709 2226 5342 5177 5379 9516 1876 2418 3841 8123 5102 4453 9951 3462 1298 2986 2322 4838 3523 6056 2087 9411 4847 115 3730 6147 4983 5871 497 4723 4670 7069 46 3528 5077 3106 7677 528 614 7855 4514 52 2209 5846
64 2193 4128 4188 7905 8175 7702 1599 6672 622 4917 7545 9529 6429 7661 1055 3304 6091 5144 7833 4325 2531 6781 8065 288 3371 2080 7059 4477 4297 6849 5569 1408 919 9065 1333 7851 7188 9211 1175 3316 4796 2858 6340 3367 5551 6650 6351 1523 1295 5833 4902 7513 358 5478 7778 4596 8531 2851 2804 8664 5772 123 6529 6942
64 3271 2501 1218 1892 2871 4133 195 6840 5188 7671 5249 1592 7995 3529 1848 6960 95 9335 3005 7576 6014 9926 5117 1561 6613 2467 968 2278 6884 433 7696 1974 1134 8081 4324 587 2118 2202 8369 3781 7835 6453 8430 2706 7482 7444 371 4692 6989 3774 3957 9489 5362 6903 9543 9961 1147 3544 3655 520 5886 155 6669 477
64 1083 6795 7468 1239 7296 5559 4415 5171 5291 675 1142 3515 6441 4073 8137 7026 839 6894 3563 42 6195 475 3449 2323 5963 5133 4150 3665 389 2487 9809 2068 4437 1782 5604 669 452 2903 9722 6023 8006 8873 9182 3607 5173 8262 1188 6885 8062 3863 4885 939 7938 9097 1373 766 7525 3600 4050 4500 6126 2406 7968 1939
64 5199 9853 3805 4077 2440 3026 8227 178 5764 3695 5638 7058 7962 7134 1383 8913 1273 7028 59 5540 3358 8699 4120 4049 8880 8838 8715 8981 2042 5152 1234 2109 7901 1471 7327 3251 3299 3066 6733 9915 5098 9621 1281 6159 2963 8816 1833 9282 8211 4932 6380 4483 6132 4877 1633 1428 909 4111 4416 8698 1266 2568 69 5494
64 5164 7903 8722 9963 1292 3144 8768 5317 2432 4300 8998 2459 2800 8124 3056 9950 8052 9891 1598 7690 3494 8800 4965 6497 4238 834 2731 9713 3909 7157 1861 2468 3577 6524 3159 3732 5673 4621 2354 2672 8327 549 7439 3588 6770 3756 2347 9601 2711 5724 7878 7460 3306 6237 6808 3633 5976 553 6561 1911 2061 4352 1137 2030
64 320 3420 8854 2438 8017 1016 6435 2935 8827 4478 7795 6780 7941 2588 5564 1458 9610 148 7978 6427 9696 9034 4306 4449 4652 973 3354 2600 5903 9684 6292 2924 4580 7267 6785 4648 6930 8796 2483 4066 5338 1367 2471 7484 744 9261 3321 901 2920 7486 9544 9756 6190 6763 8136 4614 8945 3639 9166 1976 5898 6185 1810 4129
64 5649 2396 7891 5033 6513 872 3662 5313 184 6315 8915 5508 285 3247 9110 4625 4819 3933 2656 6439 5010 9617 10 5832 1710 5457 9073 2211 7400 1242 6367 4727 6304 8248 6816 8042 9592 820 2832 829 7561 2264 4355 8559 7886 9910 3786 6320 529 8427 395 679 473 8032 1678 6968 1759 5476 1616 2446 7362 1232 2989 8627
64 3323 4002 9657 6649 417 7999 1747 2009 2782 9172 4693 7749 7194 3913 750 5361 8700 7044 7666 9472 7079 676 7113 9510 3112 1155 1274 2624 9531 4152 6511 5901 8994 1850 8219 1683 9871 5625 4032 5937 2671 3857 6923 1466 1052 1836 4410 7577 1518 2369 1398 4100 3237 8415 2162 9627 5853 7918 2856 5156 4226 1904 6832 1494
64 6612 8582 7443 1593 1921 6487 4591 5751 5771 7643 3350 9503 5285 4377 2436 5459 1119 8808 9427 3761 7614 3338 8841 1941 4645 4546 4321 3641 4458 9764 6933 5269 4190 3047 3447 6744 1862 6116 6700 7211 3071 7845 8424 4080 1323 8631 2693 7848 6005 4165 2789 6030 8542 9587 5349 1077 404 8379 8964 6958 6173 4672 1988 6152
64 9421 2763 7558 6541 9308 9198 5090 8968 9350 8540 1330 56 2868 8628 4549 6848 270 164 6552 7440 9568 6819 5323 4054 6934 782 5527 5668 8367 5581 4015 9408 4447 9290 6245 9691 8941 7250 1608 825 8997 2385 9639 7421 2739 2301 1815 1110 561 6551 5339 8972 8763 1327 7255 3097 3707 8576 283 9728 8307 5557 2619 9882
64 7698 7791 1863 1925 5560 8325 8546 9830 8561 6503 2137 8364 4098 629 6166 103 1095 893 1280 8246 809 7519 6262 6468 58 5358 6999 6481 3351 3809 4309 315 5326 5843 8640 5816 3597 1020 4444 2035 354 6136 9692 1465 3431 4790 1917 8966 3834 295 6467 1267 9052 3567 125 3368 5075 875 626 4638 8615 7248 3610 9908
64 4673 1864 4451 1884 6676 1443 9666 216 1963 4651 7397 9988 4386 2239 1370 3617 2735 2117 4247 533 1882 902 8553 911 1310 6953 8893 8665 3731 4134 6740 9209 6369 8907 83 8015 7325 1380 9850 5434 923 1704 2069 2607 5512 5382 8643 612 1903 3570 5328 4563 2113 5745 6192 7050 6090 1369 2504 5312 1872 642 4047 1835
64 2097 8285 4675 2802 8410 1891 3950 9937 2212 5900 8887 2460 9376 3716 3392 6936 9345 2815 8365 557 200 7602 5887 2696 2511 5112 9877 932 6718 9323 8989 3230 5016 4330 5702 903 7564 2451 1078 8114 6447 1439 2820 5334 1482 8348 9742 6818 8591 682 3388 5364 2769 5828 4145 8236 6223 3928 8310 7381 3487 1766 5100 3885
64 5187 8661 1594 4827 5602 1788 8751 3184 4646 1763 3369 6405 9625 3252 8613 1559 9677 4037 4411 826 1454 2284 7289 3383 5577 9369 6373 9718 7001 1283 1677 6312 3611 5766 7184 1361 8641 4208 7881 8128 1366 7174 4807 9046 2415 8790 768 823 854 2476 3542 639 4789 6037 3692 1803 6686 6888 584 8024 4988 1934 886 5147
64 3739 9413 4141 3485 7004 7653 2154 9100 5297 8020 7166 4240 4029 3780 9654 2834 942 4062 6673 1489 5921 4031 8333 1463 6855 9433 9027 3294 8223 6063 8462 7009 6952 171 8156 6554 2265 5481 8025 2276 8217 2092 5169 1229 9869 9917 6491 1344 7141 2745 3627 3835 7316 579 7587 51 4115 6975 1328 9593 849 5617 1797 8754
64 4093 501 8482 1807 5806 4759 5273 7424 2437 8775 9325 9122 6348 5636 7332 8434 3013 4331 6806 2869 9455 4734 3642 1995 8 876 6535 3535 1401 6915 8516 9337 5134 1289 8894 1634 7182 2945 527 2464 8771 5836 5762 8098 1596 2780 8723 4345 8152 3143 6662 4311 762 3860 7784 1781 8396 6308 5192 530 3613 6168 2658 1098
64 3115 9851 9405 8341 4535 5276 8334 2015 3177 5432 7740 7532 9471 5966 6919 1205 2818 8686 409 3311 9559 25 80 2119 234 1626 6540 7005 1429 4800 3808 9583 8279 3596 9341 2992 7761 3399 1618 6241 9841 5938 2560 8975 2867 6834 301 6272 805 5354 7213 8522 9806 8290 8442 2491 1262 8783 9285 5006 1597 9351 3377 4835
64 7393 1780 7678 9334 9456 1116 6683 7422 1970 3212 2679 4537 2329 2169 8895 6533 3472 9244 917 3134 1543 294 7490 1821 4806 7872 7944 7685 3883 4924 5861 1182 4384 5815 9787 545 9241 3717 2041 8610 2951 6327 3984 3324 4394 7446 1217 5709 9784 8459 7563 9571 355 9660 260 3974 3912 3434 6514 5969 5049 9807 406 4958
64 2036 4840 8150 7888 7551 1349 68 4846 4389 6665 9126 7183 8691 5993 5982 6526 8147 8535 5295 6362 7734 7399 6431 5579 4860 1100 8842 8809 9940 1163 6012 1681 620 8956 3571 2999 4019 3902 5217 7022 4173 8277 5552 8819 9274 8761 4520 7030 2142 192 7861 748 2678 4245 1619 8429 5460 3919 9378 7612 6113 146 729 5327
64 474 8406 5367 7895 5456 3699 2566 4569 1762 100 1442 5228 5454 6627 2358 7857 3737 1127 7997 8992 5309 7566 8259 334 5061 2641 2927 5778 1778 3329 6759 3604 4018 8321 5934 9665 6211 3998 5655 9708 4448 1331 7752 2140 2187 3712 6324 1395 3239 2865 2598 6580 3053 9157 4746 730 8534 8076 2590 3666 6181 8656 1837 6026
64 3526 9309 1795 8486 9348 5070 9612 7077 5845 1871 7119 7082 7295 8970 1365 3671 6069 4606 4644 5030 1359 9349 8468 5927 7173 272 7094 2059 316 8491 7659 5547 4608 8892 2063 441 2783 7927 2107 298 6366 4559 4475 2636 4722 4633 9860 1504 9751 4914 2837 9797 3154 9418 323 1120 1511 8855 3813 8384 6465 8786 3457 6451
64 22 2648 9458 9738 2952 3126 8045 8866 8566 6640 9249 8636 3040 4921 2378 5475 8182 6842 5179 6810 3181 9868 9525 5796 3833 1645 4896 2293 662 3010 3121 9009 7544 133 2695 4758 5711 9115 3832 487 7433 5400 4898 3076 2430 2521 845 6482 2040 6886 8917 5008 281 3752 2046 2078 5930 9252 5435 198 446 5205 5847 7145
64 1082 5885 5858 2353 5424 4683 4429 2493 8571 9811 6097 7206 5498 9920 5190 7204 7832 7658 6101 5279 6940 5368 1926 9131 7718 7875 5119 4034 3178 4873 4561 2737 7772 1432 5294 7384 8053 9803 1115 2255 7744 9023 9215 8755 9026 2870 1699 3986 2342 5622 336 8238 760 5118 7711 3963 8508 5541 5722 5626 597 7981 9686 2442
64 2797 8655 7578 4764 3862 4968 6850 3696 4462 4472 7868 3955 7866 3530 6821 871 2101 9929 440 7559 9767 5394 4926 6201 717 1086 2075 5471 1961 5877 6506 2983 7706 2956 5946 8096 9438 2864 4003 8760 8991 9162 4364 9766 5838 6979 5131 5619 7442 1003 3450 3217 1720 5465 739 8930 5687 6424 3694 5899 2704 9839 3469 8382
64 7035 2533 6330 9401 8908 7964 8595 5304 8789 5488 1558 6730 3864 3790 7839 7805 801 7573 2795 8377 8619 6118 7063 8399 1488 3911 2597 5595 3482 5925 7462 5319 9194 1321 1204 2994 4588 3701 6920 9732 1800 9468 4390 14 522 350 7361 7939 9272 2975 4468 4832 1981 127 4908 995 779 7709 3721 6793 830 2105 7378 8834
64 1840 3373 5954 2816 5343 9801 2355 8483 8050 6874 3360 3733 1099 6137 7969 2302 4686 2149 1827 8860 4997 8547 7330 9735 4030 4023 2732 5756 7522 6182 6802 796 4095 3327 1889 5080 5237 8138 9293 803 2348 1980 2178 2842 574 1271 8119 2414 1036 3192 9085 7811 5384 1277 5284 2237 2517 1567 9098 2288 8043 4405 525 8902
64 6677 8139 7615 7318 882 4682 205 6059 438 402 7230 4922 2610 454 3682 3470 6774 6484 8064 263 6015 289 3016 8757 925 804 6532 3100 9989 7951 9224 4949 8428 4845 2439 5121 7302 2168 9538 1693 3380 2587 2473 3191 4409 3219 8799 4382 3386 8047 9447 8674 6522 4788 6257 2310 3545 7487 929 5758 2098 6095 1758 9262
64 7619 8373 9505 1069 3102 8851 1167 1895 9560 3874 8608 5122 8586 1859 6689 4688 623 4765 8677 5909 1705 5107 3156 2177 137 1546 6984 4104 1254 6866 9474 5674 18 5067 2933 507 7591 3538 513 3823 4536 2872 1686 4593 5398 9432 3867 6007 4398 9377 1498 879 1415 9265 7410 5252 8329 8387 3426 7470 2373 7331 3498 1580
64 1384 9319 2689 2859 4228 1674 8441 6500 594 9881 8625 9939 9127 2949 3370 7271 1314 2494 4643 5676 5116 8272 738 160 50 6403 9314 5191 2757 6929 5383 8693 3932 6635 5513 2300 1097 9387 1362 9814 4740 6939 2167 5183 6448 7646 4312 8186 5180 9569 2584 4026 9875 222 7448 5995 3547 4042 2181 815 2784 324 5341 7665
64 7137 5197 8239 4022 5795 1875 6693 7540 988 4750 2756 4257 5039 9368 3598 7928 2753 5015 5707 7349 8122 693 3770 94 9736 4669 3443 6579 5251 3564 8596 2445 7992 7798 9783 3238 5005 2286 6384 3580 6945 9219 2182 9014 4674 1754 9016 8302 7801 1696 7633 4779 3458 2045 7966 6803 5214 6563 4872 1226 9824 1460 5729 7773
64 7264 1957 7787 5120 310 5695 2462 43 5113 4907 6660 8245 6446 5031 7647 4944 6653 564 6476 7620 3227 3245 8650 8770 5615 8436 4176 110 9946 1726 8859 8376 8630 9758 646 4035 258 5701 8507 4662 4020 9317 3788 2676 5839 4110 9279 1977 9546 4241 8089 722 5776 4048 9017 7369 638 1338 2477 7239 3879 2060 5977 8231
64 7859 9003 4046 7858 4187 7336 6440 9905 9412 13 4431 4991 6456 9623 2831 5985 665 6987 5248 2148 9430 4639 9311 141 9187 287 2103 5277 21 122 9867 5781 496 2123 6107 7669 6778 6183 9025 7898 4881 3042 5634 2988 6792 8034 9760 4315 670 5153 8388 1913 7265 4508 9604 7807 2344 7957 3519 9861 6682 2594 6434 1410
64 5957 7114 8195 8198 8865 494 6207 9561 9459 7750 279 8891 8449 1962 7202 3656 7122 4650 5616 9336 1438 6161 1113 7390 2032 2723 2674 6725 2452 4630 1444 2305 2786 3308 9885 1263 7379 2410 480 971 6305 3182 712 3579 9124 8453 1005 5929 788 7159 4518 2319 8168 5453 619 9707 4824 1150 7242 770 212 5057 1286 1739
64 3090 7090 9880 4803 2914 3931 6539 2145 4753 2740 7774 4343 8858 8214 373 616 8879 4369 6017 2728 2043 7494 2571 9644 3389 3800 6638 7293 2719 5678 2888 4482 8229 8267 5422 2141 8995 2714 605 1001 163 3423 2311 4852 1756 1397 1577 6786 2812 3122 3612 7693 9586 8876 3104 86 1012 3403 8443 1468 3524 8548 4310 3405
64 692 7161 1490 4427 4001 5347 8485 3537 9907 490 3615 5371 478 180 910 1121 541 5111 5143 7664 5397 8031 5094 2772 9863 1878 9276 596 7085 2532 4984 5654 9629 688 5546 6344 9993 4702 8082 2993 1486 4211 3941 6176 7275 1787 4171 2638 2183 6157 4916 256 595 8918 8963 5316 1123 4200 3801 7246 6880 8728 767 4446
64 2485 6833 8518 202 9327 974 2317 3663 4214 1902 5697 6636 4470 1032 2026 2413 7281 733 5260 1420 6247 9346 383 7367 2397 5166 302 4726 1638 3483 5093 9228 519 4506 6499 8673 3636 6618 9782 3083 5943 6966 9018 2803 7581 947 5425 6892 5136 4053 5712 6386 5521 8924 4234 432 1222 6625 4291 9354 808 321 6289 325
64 6626 8852 230 463 4354 4138 2543 8209 7705 1569 7140 7520 9481 1416 2110 1509 3517 5958 7547 7221 7282 1475 6370 190 5791 430 2875 5055 6086 7086 5266 3198 2853 8801 3036 3302 6654 7317 802 7572 8875 7885 1492 8705 8549 1802 8999 8467 5137 7846 2134 7729 7952 9359 6220 710 4454 4708 5072 9442 3959 4084 2479 8791
64 3374 5873 2677 1423 6712 5834 9588 8357 7136 6267 1994 2126 400 7376 2363 1814 4598 7060 3772 3477 492 2152 6826 599 5919 757 5747 9254 2855 7285 9743 5645 3789 4392 4616 3673 1852 2387 2224 8309 6562 6231 1571 8921 1721 4813 1651 3572 7777 1080 4510 4067 2694 1243 9554 1915 1107 6153 7116 4574 4070 5163 4490 1513
64 4649 6684 8885 3312 6191 3468 6111 8708 7950 7089 2120 7869 611 769 8016 2883 6756 2862 8192 1149 2535 3947 7219 7682 8932 4745 8176 1287 3396 6033 2748 7043 6049 6219 7017 3960 797 3293 5389 7064 9388 742 3934 4523 2350 6407 1959 6226 8743 1345 1761 5849 3079 3552 2852 7272 8685 7292 131 4950 8363 949 8206 5041
64 6594 2210 6377 4525 3937 4097 147 2005 735 8466 1734 8649 687 7413 5375 4316 6970 6862 3561 2681 3397 4962 7358 139 922 5950 1213 2844 1427 6588 6078 2482 6835 2882 9673 7955 4294 3929 4183 7550 5331 9605 5817 5374 3859 74 2408 6762 268 2599 2702 8439 3170 2425 8839 7521 2033 472 405 8336 1708 9748 8498 6546
64 7287 4822 2246 236 3200 7880 183 2716 3089 3473 3689 4936 5823 3313 7638 5170 8004 1890 4801 1657 7062 6322 2271 181 2203 8818 3814 4161 2902 2555 8235 8401 1786 3145 3409 3074 331 4305 5110 7766 8012 8215 6674 5813 8063 2379 4039 859 745 3433 4356 9642 9800 4553 3220 2847 4292 1777 2429 5888 4439 9955 9898 952
64 4513 278 3706 7098 9304 2027 4774 7912 4961 6131 2205 6717 5201 5243 6600 7934 8857 1322 7232 1919 1187 853 4385 6256 8337 9075 7218 7075 2904 3507 8292 9213 2057 7631 4207 6851 1329 7403 5597 9637 2313 9232 8600 5337 1061 3840 7072 1897 2383 6658 7386 5231 5047 5659 6992 3452 3432 5062 4074 6996 297 511 4776 6088
64 2682 6083 9934 174 8095 8291 5386 7990 39 2665 6404 1092 7160 9578 723 1908 2830 3117 4177 7917 3511 1584 1400 1064 3623 9802 3084 8265 4532 4491 9217 7483 5040 1539 9575 9781 2157 7676 7363 235 5236 3174 3007 9597 4587 6154 8170 2901 3195 9854 9020 8183 931 5804 9152 5167 8903 5340 4853 8593 1261 3394 5831 5660
64 4834 7237 9287 3747 1285 3785 7663 365 1351 6542 2480 1124 9236 140 510 9318 7622 7507 6115 5664 5955 1839 2304 71 7985 4425 3603 5915 6009 7904 9243 5666 9210 4142 5580 908 3811 8172 4680 142 5869 3478 4605 1053 6099 6480 2371 9362 4578 6536 3958 7626 2267 7268 9406 6486 832 8040 5719 9899 2833 7155 8741 9591
64 2622 7635 1649 6839 9360 1950 8109 1424 6215 7535 1348 5582 6105 4272 5095 6265 1476 237 3608 5272 4735 2200 9139 3319 1138 7418 4422 6300 6796 2569 5789 9086 8942 4485 5732 5203 4174 1452 6864 6100 6591 9067 763 5866 7222 6908 9277 135 6268 1605 5486 5376 3096 2896 5314 8142 3375 1496 8184 1389 9488 552 963 9475
64 8035 8389 5545 7681 72 3678 499 2602 6329 7642 2248 7557 7870 5315 1805 7818 2595 5537 4407 5690 6732 2298 9159 326 5479 40 5526 7504 8282 6504 1630 1143 9473 6898 8445 2352 5495 5162 7360 6752 9298 1094 2481 6631 7347 7273 9834 3261 152 1684 2971 8301 5593 3849 5642 425 5263 1689 9390 1899 9566 659 2508 6572
64 2582 7959 7337 451 1804 1025 2283 5411 7310 9501 3206 9396 1706 685 4124 9844 7398 3496 4882 2570 5115 2391 4777 9395 2049 4814 3576 7809 9212 7121 2860 4044 9443 8391 8765 5819 6016 9704 9338 810 242 4378 6895 2217 6555 5893 6748 4239 1709 3297 3921 3751 6879 6042 613 2337 9822 4567 5975 4671 982 2299 5775 214
64 3281 9609 8658 9555 7511 1405 188 855 6995 3168 7502 1865 2254 1252 4544 5592 7584 4420 4091 9779 6458 3653 1363 5378 5415 7692 8073 9177 2552 9857 4085 4744 1723 1030 6964 7438 7008 1825 9651 518 3305 77 9589 4866 2627 6962 5863 9944 1806 1303 5056 6624 7412 6318 5390 3057 1744 1719 6052 5198 8422 3024 8533 2899
64 4695 4786 1039 752 9233 5514 3711 3255 2017 2932 1507 2617 6941 2220 6765 8926 1768 1308 8653 2684 9570 2675 3171 7437 6227 2810 5044 833 1118 9921 3915 5289 2733 6814 5576 2447 1955 5020 1058 5743 3635 435 4285 1208 3777 8612 6188 3080 2680 2845 7586 9911 9991 6430 5417 3341 2507 5543 8599 9163 3372 4733 3659 8739
64 6791 6872 7641 1582 6483 7416 4163 6967 4158 3032 7510 862 9320 5451 9229 439 4008 4743 88 5661 7517 204 3629 8392 7335 8597 5928 2503 4288 827 4849 1066 9321 9227 6543 4927 4333 8173 2407 7015 6558 3870 6387 7241 4947 9813 6609 8001 3393 8270 894 860 1656 8253 9266 2089 8598 6395 3077 9231 6829 7652 7084 6681
64 6236 3725 6809 6284 4217 701 7074 9007 2320 6146 9299 9632 220 6363 9977 8203 8465 7290 2551 5914 7843 1276 4322 8572 8692 1673 1135 4148 8086 5623 4954 1081 5872 3189 1601 5600 6912 3166 2652 2489 3940 3017 1028 9979 5181 6044 9292 9656 3418 8614 1033 1635 6122 349 9780 3130 251 6703 4166 9858 798 550 1550 7370
64 7644 7124 9512 3292 4725 1402 2954 7334 2921 818 8660 9116 7313 7407 9737 1822 1573 6772 6120 7038 3471 5129 4691 1198 8920 4528 4906 6516 9647 8093 5746 6238 4833 5855 4246 7537 625 6359 5146 2778 4655 8759 5068 516 3568 8451 1536 4552 6590 2929 4901 1659 3180 2724 1206 3135 7831 3039 8097 378 5099 2726 8380 6707
64 5024 4706 1173 6584 6155 38 4990 8260 3427 1406 6266 1956 1832 7357 1750 7812 7524 7628 2047 8669 9260 5387 690 1006 3783 9876 9528 8530 608 8493 7672 1936 1556 3278 9552 9434 3871 9805 6547 3440 7909 9251 7175 3768 6243 2054 6782 509 6705 3410 7942 2056 6328 5036 1641 8736 3988 5065 9176 1215 5984 7919 8390 3481
64 7080 7860 7385 5694 7231 1041 7209 6303 3690 3595 578 7429 4106 9090 4011 555 551 8458 6125 5539 689 2577 1103 5856 7814 2601 806 576 5780 2687 3829 4056 3920 4367 1698 5770 4628 5381 8019 7491 5689 972 2021 9504 6871 6347 8777 532 7889 296 1467 3343 5216 5154 3525 4340 660 7326 4452 1745 4360 9936 8718 8420
64 3110 129 8654 3345 3456 2095 9469 7948 6822 3916 5230 8514 6174 7565 2631 3676 5267 1540 3779 6775 5550 8820 5139 7447 6746 7214 7247 633 1613 6949 563 5404 4126 5683 8407 6706 9305 8872 1812 3331 9672 1998 5516 560 4318 8993 5301 4250 2474 362 5844 3648 6753 375 5159 5865 2777 1847 4719 2894 5561 9103 1436 1779
64 3925 4815 4359 558 124 2548 4399 9956 7179 5229 6664 1532 8105 966 3510 273 8345 7480 5035 8706 2356 5050 5671 588 48 8848 3193 1093 3479 9059 2823 7897 5554 7767 93 4684 580 9058 658 6548 9786 2626 7605 2514 5128 9495 7373 7754 4153 1339 8793 4676 9872 1108 8904 8169 3806 4414 6302 4562 7651 9856 3353 8056
64 9264 5063 7445 3465 9021 3272 5487 6255 3446 771 483 1581 3356 2490 2171 2567 1184 2500 6596 4249 7596 6750 8985 8330 9755 9714 6490 1733 1587 9838 6306 6276 8200 7849 306 3843 1481 1313 3622 5851 3683 2662 5060 4346 2885 835 7823 598 4279 1769 9897 9630 9958 1731 9524 8746 8737 4441 6587 7404 8484 1647 8911 1146
64 2922 7259 1265 6687 9444 3461 944 2808 8338 2635 793 4456 9970 2892 3070 5086 1309 3162 9181 6018 150 414 1386 8837 5998 3942 5200 5989 3290 1253 9087 8190 9399 45 4329 6224 221 1820 6193 7299 8788 1161 7822 2620 5275 1552 9324 1305 4497 5859 3000 3123 2962 6527 4542 754 361 3086 262 548 700 2581 9238 9687
64 8069 2668 9316 3114 3038 6544 3120 9671 4499 6713 1241 97 274 5733 3914 9074 2102 5226 4592 7120 1881 1650 4971 2721 604 7976 9595 7463 1341 2146 627 1578 2051 259 5691 7876 2346 6250 7757 1056 1201 1194 8014 3455 6827 2374 9482 2915 4976 6856 3776 3649 7759 991 5892 1625 724 8112 8490 1236 1652 2717 9724 7392
64 3061 5037 3982 9343 6085 2736 5385 1946 2846 602 4939 648 8732 186 5437 2023 3401 5355 6581 1767 3906 5657 6887 4615 1537 156 1947 1214 6981 618 3935 1933 4527 7459 1949 8320 3340 7841 9250 3903 6553 6628 9733 4601 84 2536 5393 4303 6831 9819 7907 4213 7871 2754 8890 2654 960 201 8679 3512 4978 4181 6932 2034
64 3118 6605 5895 3244 9953 5760 369 3241 2309 6068 252 9486 3072 2469 448 4975 9080 705 7819 6607 7597 291 1880 9173 2038 4718 3839 1272 8099 2186 9964 6050 9384 6061 3223 9945 5822 8314 9534 4043 7025 8381 603 5612 1617 4189 5562 4492 3476 1658 2236 5587 2444 7147 9990 868 1753 2022 1230 8305 6459 54 7234 4904
64 3910 5996 1320 8905 1688 9259 1409 6754 5014 9515 3444 2799 7036 4099 9638 5126 3288 3745 8164 7286 9286 1336 6204 9842 2637 998 5325 1985 484 207 6171 1296 7598 6271 3362 3138 9206 9480 6965 4232 9451 1002 1008 342 3003 7106 5967 5439 5255 3628 3621 9790 3971 8027 5594 3439 2066 3330 3046 9410 6828 5307 8111 5452
64 9431 536 1973 2227 2427 1554 7804 8778 5656 7512 7736 8703 7810 6319 2281 8395 708 5351 8191 9893 4829 7341 7569 5278 3846 1858 7198 5054 1896 381 7101 2667 1172 3658 3660 3746 9270 1157 333 49 842 8349 8720 2930 1682 8455 4678 7662 5802 4920 4555 5939 6455 9416 7854 2609 2608 3550 6475 6209 9093 7344 3078 2655
64 2232 5705 3425 8574 3088 4999 866 4089 8711 4810 7998 6838 6794 7654 6335 2657 5350 9509 2318 3430 3750 2221 8204 9553 8414 1893 5686 8263 930 1196 5219 5240 1971 6488 7131 4244 3175 2612 1819 5023 5466 9715 5303 2512 2218 2381 23 9372 7266 5662 877 657 6508 6629 3413 2941 8251 3875 7023 9581 1502 2269 6022 4912
64 6971 9060 5045 4012 1433 9634 4438 6205 7257 889 9242 5809 3301 1088 6902 3463 2642 985 7126 5868 3847 7481 2160 1158 92 5639 9326 5052 1637 5405 6307 4113 5372 3802 7625 9668 9130 6229 6350 9499 7649 2360 813 8116 3488 8804 6202 6020 9894 4086 2455 2640 3815 7500 5281 3172 1831 5155 7594 5646 4657 5769 1421 173
64 7351 1817 4957 9190 8928 5812 8188 719 4884 2072 799 7380 4123 1642 9826 6991 5821 3999 9769 9577 6477 8117 8607 2910 4681 6771 2136 5373 4634 794 9818 7863 6606 3951 5524 1830 8141 7177 6715 531 5482 8938 5750 1909 4418 2525 2550 9055 5497 8088 4193 3274 4013 698 7608 6471 217 9030 2238 2124 9147 2889 4283 1084
64 8740 5088 4131 4940 4371 7842 4607 8356 9113 3899 4737 2781 9355 3896 2398 1937 9446 6333 2572 6495 8153 1340 562 4479 6283 843 5145 8944 6924 4236 66 9367 9422 9931 6038 1984 814 9535 7196 5520 9039 1562 7613 104 5529 4320 3495 81 7012 128 7499 7610 6299 2349 1407 8678 5768 726 6679 2509 2091 2701 4850 1856
64 6082 7910 4412 8296 7073 5130 3140 341 121 8048 2775 6550 9975 6248 7501 9247 3795 935 4338 9773 3199 4582 6139 8476 1209 1728 8085 2219 6943 226 172 2596 4348 2547 9104 5988 5211 384 8833 2653 6578 3698 8418 388 6739 6854 6956 2699 4550 1497 1334 8965 6722 4844 9010 1474 5224 1886 7374 6218 4780 8492 6709 4379
